name: sleep_states
channels:
  - anaconda
  - conda-forge
  - defaults
dependencies:
  - backports.zoneinfo=0.2.1=py312h2e8e312_8
  - blas=1.0=mkl
  - bzip2=1.0.8=he774522_0
  - ca-certificates=2023.11.17=h56e8100_0
  - colorama=0.4.6=pyhd8ed1ab_0
  - expat=2.5.0=hd77b12b_0
  - intel-openmp=2023.1.0=h59b6b97_46320
  - libexpat=2.5.0=h63175ca_1
  - libffi=3.4.4=hd77b12b_0
  - libsqlite=3.44.2=hcfcfb64_0
  - libzlib=1.2.13=hcfcfb64_5
  - mkl=2023.1.0=h6b88ed4_46358
  - mkl-service=2.4.0=py312h2bbff1b_1
  - numpy=1.26.0=py312hfd52020_0
  - numpy-base=1.26.0=py312h4dde369_0
  - openssl=3.2.0=hcfcfb64_1
  - python=3.12.0=h2628c8c_0_cpython
  - python_abi=3.12=4_cp312
  - setuptools=68.0.0=py312haa95532_0
  - sqlite=3.41.2=h2bbff1b_0
  - tbb=2021.8.0=h59b6b97_0
  - tk=8.6.13=h5226925_1
  - tqdm=4.66.1=pyhd8ed1ab_0
  - typing_extensions=4.9.0=pyha770c72_0
  - tzdata=2023c=h04d1e81_0
  - ucrt=10.0.22621.0=h57928b3_0
  - vc=14.3=hcf57466_18
  - vc14_runtime=14.38.33130=h82b7239_18
  - vs2015_runtime=14.38.33130=hcb4865c_18
  - wheel=0.41.2=py312haa95532_0
  - xz=5.4.2=h8cc25b3_0
  - zlib=1.2.13=hcfcfb64_5
  - pip:
      - pip==23.3.2
      - polars==0.20.0
prefix: C:\Users\bring\anaconda3\envs\sleep_states
